2000	3490	9
0.38268348574638367	1.9238790273666382	-3.071284737643509e-08	0.2290148138999939	0.5164473652839661	0.5	3	0.5	2	0.0	0	0.3805367052555084	0.9247658252716064	4.319387585383083e-07	-0.5630025267601013	0.2316731959581375	-0.7933194637298584	-0.7336348295211792	0.3018869459629059	0.6088056564331055
0.1950903832912445	1.9619396924972534	-0.19134169816970825	0.2760244607925415	0.5202957391738892	1.0	3	0.0	0	0.0	0	0.19393157958984375	0.9621648788452148	-0.19138789176940918	-0.7037240862846375	0.0005179414874874055	-0.7104732394218445	-0.6834932565689087	0.2724674642086029	0.6771990060806274
0.1950903683900833	1.9807852506637573	1.4728913200201532e-08	0.25085723400115967	0.542016863822937	0.5	3	0.5	2	0.0	0	0.19392916560173035	0.9810156226158142	1.7328617332168506e-06	-0.6256973147392273	0.12369047850370407	-0.7701971530914307	-0.7555755972862244	0.14936257898807526	0.6378059387207031
-0.9238795042037964	1.382683277130127	-1.3680619304068387e-07	0.502199649810791	0.24436572194099426	0.5	3	0.5	2	0.0	0	-0.9217071533203125	0.38788652420043945	1.0915648545051226e-06	0.20860305428504944	0.4956909120082855	-0.8430749177932739	-0.3270179331302643	-0.7770679593086243	-0.537796139717102
-0.9807852506637573	1.191341757774353	-0.03806030750274658	0.48754289746284485	0.28225281834602356	1.0	3	0.0	0	0.0	0	-0.9795982837677002	0.19710439443588257	-0.0392073430120945	0.1184757649898529	0.40882015228271484	-0.904892086982727	-0.16232942044734955	-0.8910757303237915	-0.4238315522670746
-0.9807852506637573	1.1950901746749878	-8.894838998685373e-08	0.4816732108592987	0.2774428725242615	0.5	3	0.5	2	0.0	0	-0.9795982837677002	0.2009657472372055	9.177443871521973e-07	0.10073260962963104	0.49102041125297546	-0.8653045296669006	-0.17389701306819916	-0.8476507067680359	-0.5012465715408325
5.760039556435004e-08	1.9807852506637573	-0.19509032368659973	0.3003096580505371	0.5434426665306091	1.0	3	0.0	0	0.0	0	5.239894562691916e-07	0.9807852506637573	-0.19509056210517883	-0.7282571792602539	-0.13369594514369965	-0.6721360683441162	-0.6853039264678955	0.14207646250724792	0.7142638564109802
4.371138828673793e-08	2.0	3.3001180777756647e-15	0.2728133499622345	0.5680322051048279	0.5	3	0.5	2	0.0	0	-9.203059221363219e-07	1.0	1.6575144172747969e-06	-0.659229040145874	6.384910307133396e-07	-0.7519422173500061	-0.7519422173500061	-1.7846984974312363e-06	0.659229040145874
0.9807852506637573	1.1950900554656982	5.9146067599158414e-08	0.1211039125919342	0.3741162419319153	0.5	3	0.5	2	0.0	0	0.9795981645584106	0.20096614956855774	-3.7348024761740817e-07	-0.10065271705389023	0.49062445759773254	-0.8655384182929993	-0.17394374310970306	0.8478798866271973	0.5008425712585449
1.0	1.0	7.549790126404332e-08	0.10349050164222717	0.3258342146873474	0.3333333333333333	8	0.3333333333333333	7	0.3333333333333333	6	0.9957994222640991	-3.590380947571248e-05	0.09156158566474915	-0.006553019396960735	0.06300050020217896	-0.9979919791221619	-0.005760268308222294	0.9979945421218872	0.06303848326206207
0.9807852506637573	1.1913416385650635	-0.038060158491134644	0.12694738805294037	0.3692578971385956	1.0	3	0.0	0	0.0	0	0.9795982241630554	0.19710463285446167	-0.03920622542500496	-0.11996926367282867	0.41703373193740845	-0.9009386301040649	-0.16122885048389435	0.8872613906860352	0.4321720004081726
-1.0	1.0	-7.549790126404332e-08	0.4639706611633301	0.32575494050979614	0.3333333333333333	8	0.3333333333333333	7	0.3333333333333333	6	-0.9957990646362305	1.739219624141697e-05	0.09156554192304611	0.006552861072123051	0.06318112462759018	-0.9979805946350098	-0.005830582231283188	-0.9979825615882874	-0.06321953237056732
4.371138828673793e-08	2.0	3.3001180777756647e-15	0.633496880531311	0.08351781964302063	0.5	3	0.5	2	0.0	0	-9.203059221363219e-07	1.0	1.6575144172747969e-06	0.6592093706130981	1.8510039581087767e-06	-0.751959502696991	-0.751959502696991	4.006163294434373e-07	-0.6592093706130981
-0.19509026408195496	1.9619396924972534	-0.19134172797203064	0.6363597512245178	0.1314687877893448	1.0	3	0.0	0	0.0	0	-0.1939307302236557	0.9621654748916626	-0.19138598442077637	0.7002983689308167	-0.0008433765615336597	-0.7138497829437256	-0.687002956867218	-0.27246466279029846	-0.6736392974853516
-0.19509027898311615	1.9807852506637573	-1.4728906982952594e-08	0.6114408373832703	0.10946468263864517	0.5	3	0.5	2	0.0	0	-0.19393126666545868	0.9810152053833008	2.6830027763935504e-06	0.6161774396896362	0.12181071192026138	-0.778130829334259	-0.7633583545684814	-0.15090222656726837	-0.6281023025512695
0.9238795042037964	1.3826831579208374	2.6957351906276017e-09	0.1416405588388443	0.40723860263824463	0.5	3	0.5	2	0.0	0	0.9217064380645752	0.38788801431655884	2.970257639844931e-07	-0.2107180505990982	0.5007127523422241	-0.8395740985870361	-0.3256608843803406	0.7738407850265503	0.5432451963424683
0.9238795042037964	1.3753302097320557	-0.07465777546167374	0.1517154574394226	0.399036169052124	1.0	3	0.0	0	0.0	0	0.9217073321342468	0.3804333209991455	-0.0756719633936882	-0.24522517621517181	0.4203614592552185	-0.8735907077789307	-0.3005334436893463	0.8237516283988953	0.48074206709861755
-0.3826834261417389	1.9061274528503418	-0.1802399754524231	0.6118001341819763	0.15454983711242676	1.0	3	0.0	0	0.0	0	-0.3805381655693054	0.9069966077804565	-0.18041041493415833	0.6413610577583313	0.11830224841833115	-0.7580637335777283	-0.6662182807922363	-0.4041804075241089	-0.6267307996749878
-0.3826834261417389	1.9238790273666382	-8.849644217434616e-08	0.5894295573234558	0.1352461576461792	0.5	3	0.5	2	0.0	0	-0.38053858280181885	0.9247650504112244	2.521895339668845e-06	0.5567495822906494	0.22910332679748535	-0.7984620928764343	-0.7383903861045837	-0.3038442134857178	-0.6020451784133911
0.8314695954322815	1.555570125579834	6.277421249478721e-08	0.16308265924453735	0.43654224276542664	0.5	3	0.5	2	0.0	0	0.8286449313163757	0.5597747564315796	3.126519914076198e-06	-0.3086828589439392	0.4569535255432129	-0.8342113494873047	-0.46697181463241577	0.6912639141082764	0.5514450073242188
0.8314695954322815	1.544895052909851	-0.1083863228559494	0.17671233415603638	0.42536720633506775	1.0	3	0.0	0	0.0	0	0.8286438584327698	0.5490202903747559	-0.10920601338148117	-0.3601285517215729	0.37350428104400635	-0.8548696637153625	-0.4285518527030945	0.7477107048034668	0.5072199106216431
-0.5555701851844788	1.815493106842041	-0.16221171617507935	0.5870612263679504	0.17781616747379303	1.0	3	0.0	0	0.0	0	-0.5527603626251221	0.8173279166221619	-0.16257640719413757	0.5630884170532227	0.22250795364379883	-0.7958779335021973	-0.6143187284469604	-0.5314746499061584	-0.583221435546875
-0.5555701851844788	1.8314695358276367	-4.194438218974028e-08	0.5674026012420654	0.16120846569538116	0.5	3	0.5	2	0.0	0	-0.5527617335319519	0.8333394527435303	2.585860102044535e-06	0.4827822148799896	0.3202364146709442	-0.8150889277458191	-0.6792465448379517	-0.4505487382411957	-0.5793358683586121
0.7071068286895752	1.707106590270996	-3.602188414220109e-08	0.18488019704818726	0.46398085355758667	0.5	3	0.5	2	0.0	0	0.7040593028068542	0.7101412415504456	2.4652267711644527e-06	-0.40046849846839905	0.3970416486263275	-0.8258225917816162	-0.5864515900611877	0.5814270377159119	0.5639300346374512
0.7071068286895752	1.6935198307037354	-0.1379496306180954	0.20166204869747162	0.45000597834587097	1.0	3	0.0	0	0.0	0	0.7040601372718811	0.696495532989502	-0.13853996992111206	-0.4671182334423065	0.3072783946990967	-0.8290842175483704	-0.5348830819129944	0.6484397053718567	0.5416882038116455
-0.7071067094802856	1.707106590270996	-1.427920324204024e-07	0.5453853011131287	0.18768411874771118	0.5	3	0.5	2	0.0	0	-0.7040574550628662	0.7101430892944336	6.549892077600816e-07	0.40227168798446655	0.39882519841194153	-0.8240850567817688	-0.5852184295654297	-0.5802028775215149	-0.566466212272644
-0.7071067094802856	1.693519949913025	-0.13794974982738495	0.5621774196624756	0.20161031186580658	1.0	3	0.0	0	0.0	0	-0.7040593028068542	0.6964958906173706	-0.13854265213012695	0.4670325815677643	0.30717042088508606	-0.8291724324226379	-0.5349589586257935	-0.6484904885292053	-0.5415524840354919
0.5555703043937683	1.8314695358276367	4.194439284788132e-08	0.20692169666290283	0.4904175400733948	0.5	3	0.5	2	0.0	0	0.5527617931365967	0.833339273929596	2.6639640964276623e-06	-0.48252537846565247	0.32006630301475525	-0.8153077363967896	-0.6794288754463196	0.4506697654724121	0.5790278315544128
0.5555703043937683	1.815493106842041	-0.16221162676811218	0.2265116572380066	0.4737798869609833	1.0	3	0.0	0	0.0	0	0.5527605414390564	0.8173277378082275	-0.16257646679878235	-0.5648104548454285	0.22399897873401642	-0.7942376732826233	-0.6127356290817261	0.5308482050895691	0.5854530930519104
-0.8314695954322815	1.5448951721191406	-0.10838644206523895	0.5372014045715332	0.2262958586215973	1.0	3	0.0	0	0.0	0	-0.8286450505256653	0.5490187406539917	-0.109205462038517	0.36061951518058777	0.3743640184402466	-0.8542863130569458	-0.4281366765499115	-0.7472817897796631	-0.5082017779350281
-0.8314695954322815	1.5555696487426758	-2.7884104270015087e-07	0.5236395001411438	0.21503512561321259	0.5	3	0.5	2	0.0	0	-0.8286452889442444	0.5597742199897766	2.439215222693747e-06	0.3096851110458374	0.4584368169307709	-0.8330250978469849	-0.4663071036338806	-0.6902815103530884	-0.5532352328300476
0.38268348574638367	1.9061274528503418	-0.18023991584777832	0.2512423098087311	0.49696794152259827	1.0	3	0.0	0	0.0	0	0.3805391192436218	0.906995952129364	-0.18041151762008667	-0.6410332322120667	0.11810330301523209	-0.7583719491958618	-0.6665331125259399	0.4042399525642395	0.6263574361801147
-0.9238795042037964	1.3753303289413452	-0.07465790957212448	0.5122843384742737	0.2525585889816284	1.0	3	0.0	0	0.0	0	-0.9217079281806946	0.3804317116737366	-0.0756721943616867	0.24404947459697723	0.4171426594257355	-0.8754610419273376	-0.301486998796463	-0.8253870606422424	-0.47732779383659363
0.38268351554870605	1.853553295135498	-0.35355332493782043	0.27091309428215027	0.4751068651676178	1.0	3	0.0	0	0.0	0	0.38053664565086365	0.854372501373291	-0.353892058134079	-0.7175565361976624	0.03139277175068855	-0.6957924365997314	-0.5833562612533569	0.5187121033668518	0.6250066757202148
-0.8314695954322815	1.513279914855957	-0.21260759234428406	0.5493203401565552	0.23890717327594757	1.0	3	0.0	0	0.0	0	-0.8286446332931519	0.5171639323234558	-0.21421848237514496	0.41111305356025696	0.30252623558044434	-0.8599209785461426	-0.37991341948509216	-0.8006369471549988	-0.46329957246780396
-0.9238795042037964	1.3535534143447876	-0.14644668996334076	0.521245539188385	0.2618376910686493	1.0	3	0.0	0	0.0	0	-0.9217070937156677	0.3583601713180542	-0.14843852818012238	0.2802428603172302	0.3506474792957306	-0.8935940861701965	-0.26817891001701355	-0.8652308583259583	-0.42362213134765625
0.1950903981924057	1.9061274528503418	-0.37533026933670044	0.29834917187690735	0.49559494853019714	1.0	3	0.0	0	0.0	0	0.19392938911914825	0.9063395857810974	-0.3754197061061859	-0.7831997871398926	-0.08740796893835068	-0.6155956387519836	-0.5907533764839172	0.4134107232093811	0.6928939819335938
-0.9807852506637573	1.1802400350570679	-0.07465790212154388	0.4927932322025299	0.287735253572464	1.0	3	0.0	0	0.0	0	-0.9795981645584106	0.1856684535741806	-0.07690665125846863	0.1370498687028885	0.3372965455055237	-0.9313690662384033	-0.1469855159521103	-0.9229075908660889	-0.35586097836494446
6.92758490572487e-08	1.9238793849945068	-0.3826834261417389	0.32537540793418884	0.5161899328231812	1.0	3	0.0	0	0.0	0	2.1682319584215293e-07	0.9238795638084412	-0.3826836049556732	-0.8006172180175781	-0.2292947620153427	-0.5535667538642883	-0.599176287651062	0.3063831329345703	0.7396736741065979
0.9807852506637573	1.1802399158477783	-0.07465775310993195	0.13226713240146637	0.36383509635925293	1.0	3	0.0	0	0.0	0	0.9795984029769897	0.18566815555095673	-0.07690467685461044	-0.13654793798923492	0.3341604173183441	-0.9325725436210632	-0.1474505215883255	0.9240477085113525	0.35269561409950256
5.760039556435004e-08	1.9807852506637573	-0.19509032368659973	0.6611425280570984	0.10801524668931961	1.0	3	0.0	0	0.0	0	5.239894562691916e-07	0.9807852506637573	-0.19509056210517883	0.7437036633491516	-0.1304202675819397	-0.6556641459465027	-0.6685094833374023	-0.14508922398090363	-0.729413628578186
-0.19509024918079376	1.9061274528503418	-0.37533026933670044	0.6588425040245056	0.15596777200698853	1.0	3	0.0	0	0.0	0	-0.19392988085746765	0.9063405990600586	-0.37541696429252625	0.7746628522872925	-0.0933147668838501	-0.6254518032073975	-0.6019043326377869	-0.4121153652667999	-0.6840118169784546
0.9238795042037964	1.3535534143447876	-0.14644654095172882	0.1606956571340561	0.3897882103919983	1.0	3	0.0	0	0.0	0	0.9217079281806946	0.3583586812019348	-0.1484372615814209	-0.27883580327033997	0.346121609210968	-0.8957959413528442	-0.26963892579078674	0.867051899433136	0.4189462661743164
-0.3826833963394165	1.853553295135498	-0.3535533845424652	0.6314679980278015	0.17644186317920685	1.0	3	0.0	0	0.0	0	-0.38053715229034424	0.8543720245361328	-0.35389262437820435	0.7177550792694092	0.03156936168670654	-0.6955796480178833	-0.583111584186554	-0.5187020897865295	-0.6252431273460388
0.8314695954322815	1.513279914855957	-0.2126074731349945	0.18877680599689484	0.41270536184310913	1.0	3	0.0	0	0.0	0	0.8286454081535339	0.5171633362770081	-0.21421730518341064	-0.41041335463523865	0.3010560870170593	-0.8607706427574158	-0.3806675970554352	0.8011912703514099	0.46171948313713074
-0.5555701851844788	1.7681776285171509	-0.3181896507740021	0.6043475866317749	0.19673725962638855	1.0	3	0.0	0	0.0	0	-0.5527631640434265	0.7699041962623596	-0.31890493631362915	0.6310823559761047	0.13681921362876892	-0.7635546326637268	-0.5442315936088562	-0.6233201622962952	-0.5615015625953674
0.7071067690849304	1.6532814502716064	-0.27059799432754517	0.21637986600399017	0.4341159164905548	1.0	3	0.0	0	0.0	0	0.7040581107139587	0.6560858488082886	-0.2717602849006653	-0.5307279229164124	0.23186209797859192	-0.8152102828025818	-0.47183701395988464	0.7181861996650696	0.5114474892616272
-0.7071067690849304	1.6532814502716064	-0.2705981135368347	0.5769245028495789	0.2174815982580185	1.0	3	0.0	0	0.0	0	-0.7040603756904602	0.6560837626457214	-0.27175942063331604	0.5291170477867126	0.22941763699054718	-0.8169472217559814	-0.4736393690109253	-0.7189726233482361	-0.5086688995361328
0.5555703043937683	1.7681776285171509	-0.3181895911693573	0.24377669394016266	0.4548242688179016	1.0	3	0.0	0	0.0	0	0.5527620315551758	0.7699043154716492	-0.3189067244529724	-0.6349928975105286	0.14131039381027222	-0.7594836950302124	-0.5396649241447449	0.6223171949386597	0.5669947266578674
-0.19509024918079376	1.815493106842041	-0.5448951125144958	0.6779786348342896	0.18323609232902527	1.0	3	0.0	0	0.0	0	-0.19393129646778107	0.8156851530075073	-0.5450215935707092	0.8388195633888245	-0.15020979940891266	-0.5232769250869751	-0.5086967945098877	-0.5586545467376709	-0.6550822257995605
-0.3826833963394165	1.7681777477264404	-0.513279914855957	0.648623526096344	0.2002926617860794	1.0	3	0.0	0	0.0	0	-0.3805393874645233	0.7689138054847717	-0.513771653175354	0.7800979018211365	-0.031448058784008026	-0.6248666644096375	-0.49662572145462036	-0.6385785341262817	-0.5878608226776123
0.8314695954322815	1.4619396924972534	-0.3086582124233246	0.1990315467119217	0.3987167179584503	1.0	3	0.0	0	0.0	0	0.8286443948745728	0.4654352068901062	-0.3109961152076721	-0.4569095969200134	0.2414165735244751	-0.8561258912086487	-0.32339152693748474	0.8515210151672363	0.4127103090286255
-0.555570125579834	1.6913416385650635	-0.4619397222995758	0.6192986369132996	0.217457577586174	1.0	3	0.0	0	0.0	0	-0.5527602434158325	0.6928971409797668	-0.46297916769981384	0.6957993507385254	0.07800395786762238	-0.7139878273010254	-0.45860591530799866	-0.7168046832084656	-0.5252348780632019
0.7071067690849304	1.5879377126693726	-0.3928474187850952	0.22909753024578094	0.41671013832092285	1.0	3	0.0	0	0.0	0	0.7040592432022095	0.5904597640037537	-0.3945349156856537	-0.5855111479759216	0.16828669607639313	-0.7930046319961548	-0.4018423557281494	0.7893268465995789	0.4642045795917511
-0.7071067690849304	1.587937831878662	-0.39284753799438477	0.5896853804588318	0.23483869433403015	1.0	3	0.0	0	0.0	0	-0.7040582299232483	0.5904623866081238	-0.39453285932540894	0.5843931436538696	0.1660953313112259	-0.7942903637886047	-0.403468519449234	-0.7897889614105225	-0.4620029628276825
0.5555703639984131	1.6913416385650635	-0.46193966269493103	0.2587006390094757	0.434109628200531	1.0	3	0.0	0	0.0	0	0.5527639985084534	0.6928949356079102	-0.4629780352115631	-0.6924677491188049	0.07282838970422745	-0.7177635431289673	-0.4636167287826538	0.7173511385917664	0.5200642347335815
-0.8314695954322815	1.4619396924972534	-0.30865833163261414	0.5596344470977783	0.25285011529922485	1.0	3	0.0	0	0.0	0	-0.8286439776420593	0.465436726808548	-0.310994952917099	0.45691120624542236	0.2414218932390213	-0.8561236262321472	-0.323390394449234	-0.8515187501907349	-0.4127160608768463
0.38268351554870605	1.7681777477264404	-0.513279914855957	0.2880055606365204	0.451259583234787	1.0	3	0.0	0	0.0	0	0.38053902983665466	0.7689129710197449	-0.5137732028961182	-0.7840234041213989	-0.026369387283921242	-0.620171070098877	-0.49040544033050537	0.6388094425201416	0.592811107635498
-0.9238795042037964	1.3181896209716797	-0.21260760724544525	0.5289288759231567	0.27207207679748535	1.0	3	0.0	0	0.0	0	-0.9217065572738647	0.32251718640327454	-0.21549870073795319	0.3135364353656769	0.2923811674118042	-0.9034423232078552	-0.22836792469024658	-0.9002754092216492	-0.3706105351448059
0.1950903981924057	1.815493106842041	-0.5448951125144958	0.3172939419746399	0.4682590663433075	1.0	3	0.0	0	0.0	0	0.1939307451248169	0.815683901309967	-0.5450236797332764	-0.8449817895889282	-0.14336401224136353	-0.5152209997177124	-0.498394250869751	0.5604522228240967	0.6614353060722351
-0.9807852506637573	1.1622116565704346	-0.10838644206523895	0.49732181429862976	0.2938139736652374	1.0	3	0.0	0	0.0	0	-0.9795982837677002	0.16709691286087036	-0.11165090650320053	0.15601231157779694	0.28210699558258057	-0.9466128349304199	-0.12667857110500336	-0.944719135761261	-0.3024206757545471
7.828906944951086e-08	1.8314695358276367	-0.5555702447891235	0.3471241295337677	0.4858091473579407	1.0	3	0.0	0	0.0	0	2.144140864857036e-07	0.8314694762229919	-0.5555704832077026	-0.8630999326705933	-0.2805813252925873	-0.4199197590351105	-0.5050331354141235	0.47951292991638184	0.7176411747932434
0.9807852506637573	1.1622116565704346	-0.10838629305362701	0.1368761658668518	0.35781073570251465	1.0	3	0.0	0	0.0	0	0.9795981645584106	0.16709698736667633	-0.11165152490139008	-0.1542634218931198	0.2691423296928406	-0.9506656527519226	-0.12880322337150574	0.9484940767288208	0.2894282937049866
6.92758490572487e-08	1.9238793849945068	-0.3826834261417389	0.6860590577125549	0.13558721542358398	1.0	3	0.0	0	0.0	0	2.1682319584215293e-07	0.9238795638084412	-0.3826836049556732	0.8211116194725037	-0.21842361986637115	-0.5273206233978271	-0.5707678198814392	-0.3142257630825043	-0.7586082220077515
0.9238795042037964	1.3181896209716797	-0.2126074582338333	0.16841308772563934	0.37956503033638	1.0	3	0.0	0	0.0	0	0.921707272529602	0.3225151002407074	-0.21549873054027557	-0.3124856948852539	0.28825196623802185	-0.9051317572593689	-0.2298007309436798	0.9016067981719971	0.3664652705192566
-0.9238795042037964	1.27059805393219	-0.2705981135368347	0.5352883338928223	0.2831015884876251	0.5	4	0.5	3	0.0	0	-0.9217080473899841	0.27427583932876587	-0.27427569031715393	0.34122347831726074	0.23709890246391296	-0.9095881581306458	-0.18444758653640747	-0.9319640398025513	-0.3121253252029419
0.1950904130935669	1.6935198307037354	-0.6935198903083801	0.33317965269088745	0.4390546381473541	0.5	4	0.5	3	0.0	0	0.1939331293106079	0.693682074546814	-0.6936823129653931	-0.8953214883804321	-0.16387410461902618	-0.41417956352233887	-0.4009855091571808	0.7013918161392212	0.5892878770828247
-0.9807852506637573	1.1379497051239014	-0.13794974982738495	0.5011773705482483	0.30031177401542664	0.5	4	0.5	3	0.0	0	-0.9795982837677002	0.14210408926010132	-0.1421038955450058	0.17101985216140747	0.21810784935951233	-0.9608232378959656	-0.10554293543100357	-0.9655234217643738	-0.23796068131923676
8.429368847373553e-08	1.707106590270996	-0.7071067690849304	0.364452987909317	0.45262762904167175	0.5	4	0.5	3	0.0	0	1.0696478511817986e-06	0.7071055173873901	-0.7071080803871155	-0.9215753674507141	-0.27449822425842285	-0.2744986414909363	-0.3881993889808655	0.6516537070274353	0.6516507267951965
0.9807852506637573	1.1379495859146118	-0.137949600815773	0.14068575203418732	0.3512740433216095	0.5	4	0.5	3	0.0	0	0.9795981645584106	0.1421041488647461	-0.1421051323413849	-0.17061559855937958	0.21440854668617249	-0.9617273211479187	-0.10619688034057617	0.9663516283035278	0.23427940905094147
7.828906944951086e-08	1.8314695358276367	-0.5555702447891235	0.7074069976806641	0.16612164676189423	1.0	3	0.0	0	0.0	0	2.144140864857036e-07	0.8314694762229919	-0.5555704832077026	0.8838596940040588	-0.25986942648887634	-0.38892146944999695	-0.4677520990371704	-0.491046279668808	-0.7349024415016174
-0.19509023427963257	1.6935198307037354	-0.6935198903083801	0.6937477588653564	0.21259340643882751	0.5	4	0.5	3	0.0	0	-0.1939307004213333	0.6936829090118408	-0.6936821937561035	0.8973857164382935	-0.1602424830198288	-0.4111221432685852	-0.39634573459625244	-0.7022296190261841	-0.5914251208305359
0.9238795042037964	1.2705979347229004	-0.27059799432754517	0.17477986216545105	0.3685263991355896	0.5	4	0.5	3	0.0	0	0.9217074513435364	0.27427640557289124	-0.2742769718170166	-0.34068363904953003	0.23437005281448364	-0.9104973077774048	-0.185445636510849	0.9326538443565369	0.30946213006973267
-0.3826833665370941	1.6532814502716064	-0.6532813906669617	0.6626572608947754	0.22610972821712494	0.5	4	0.5	3	0.0	0	-0.38053837418556213	0.6539092063903809	-0.6539062857627869	0.8326312899589539	-0.06540519744157791	-0.5499522089958191	-0.40238767862319946	-0.753740668296814	-0.5195760130882263
0.8314695954322815	1.3928472995758057	-0.3928473889827728	0.20738990604877472	0.38364383578300476	0.5	4	0.5	3	0.0	0	0.8286445736885071	0.3958195447921753	-0.3958219885826111	-0.49542853236198425	0.18942692875862122	-0.8477428555488586	-0.2605738937854767	0.8985791206359863	0.35306790471076965
-0.5555701851844788	1.587937593460083	-0.5879377722740173	0.6315295100212097	0.23978155851364136	0.5	4	0.5	3	0.0	0	-0.5527617335319519	0.5892585515975952	-0.5892612934112549	0.7487139105796814	0.04069482535123825	-0.6616429686546326	-0.36589890718460083	-0.8069190382957458	-0.463680624961853
0.7071068286895752	1.5	-0.4999999403953552	0.23952609300613403	0.3979797959327698	0.5	4	0.5	3	0.0	0	0.704060435295105	0.5021445155143738	-0.5021452903747559	-0.6317799091339111	0.12002252042293549	-0.7657994031906128	-0.3242731988430023	0.8564143180847168	0.4017478823661804
-0.7071067094802856	1.5	-0.5000000596046448	0.60002201795578	0.2536165118217468	0.5	4	0.5	3	0.0	0	-0.7040587663650513	0.5021471977233887	-0.5021448135375977	0.6308252811431885	0.11750555783510208	-0.7669758200645447	-0.3261299729347229	-0.856761634349823	-0.39949795603752136
0.5555703043937683	1.587937593460083	-0.5879376530647278	0.27097049355506897	0.4118082523345947	0.5	4	0.5	3	0.0	0	0.5527606010437012	0.5892602205276489	-0.5892607569694519	-0.747333288192749	0.03766058012843132	-0.6633812189102173	-0.3687122166156769	0.8070651292800903	0.4611910283565521
-0.8314695954322815	1.3928474187850952	-0.3928475081920624	0.5680279731750488	0.26790255308151245	0.5	4	0.5	3	0.0	0	-0.8286443948745728	0.39582186937332153	-0.3958200216293335	0.4945865273475647	0.18653525412082672	-0.8488749265670776	-0.26216888427734375	-0.8991827368736267	-0.3503395617008209
0.38268354535102844	1.6532814502716064	-0.6532813906669617	0.30208244919776917	0.4254803955554962	0.5	4	0.5	3	0.0	0	0.3805396556854248	0.6539074182510376	-0.6539071798324585	-0.8356029391288757	-0.0597931407392025	-0.5460701584815979	-0.3961785137653351	0.7542081475257874	0.5236532688140869
0.8314696550369263	1.3086581230163574	-0.46193966269493103	0.2139948606491089	0.36780107021331787	1.0	4	0.0	0	0.0	0	0.8286430239677429	0.3109951913356781	-0.46543821692466736	-0.5255500674247742	0.14593517780303955	-0.8381527066230774	-0.19273769855499268	0.9391405582427979	0.2843717336654663
-0.3826833665370941	1.513279914855957	-0.7681776285171509	0.6734010577201843	0.25345170497894287	1.0	4	0.0	0	0.0	0	-0.3805382549762726	0.5137737989425659	-0.7689129114151001	0.8759446740150452	-0.06633078306913376	-0.4778296947479248	-0.29649898409843445	-0.8553576469421387	-0.4247960150241852
-0.5555701851844788	1.4619396924972534	-0.6913416981697083	0.6409029960632324	0.2634023427963257	1.0	4	0.0	0	0.0	0	-0.5527615547180176	0.46297740936279297	-0.6928973197937012	0.7899305820465088	0.0262441486120224	-0.6126344203948975	-0.2654514014720917	-0.885981559753418	-0.3802267909049988
0.7071068286895752	1.3928474187850952	-0.5879377126693726	0.24744606018066406	0.3781622052192688	1.0	4	0.0	0	0.0	0	0.704059362411499	0.3945339322090149	-0.5904603004455566	-0.6690754294395447	0.08988668024539948	-0.7377387285232544	-0.2379884421825409	0.914474368095398	0.32725852727890015
-0.7071067094802856	1.3928475379943848	-0.5879378318786621	0.6080313920974731	0.2734108567237854	1.0	4	0.0	0	0.0	0	-0.7040597796440125	0.394534170627594	-0.5904597043991089	0.6686268448829651	0.08816947788000107	-0.7383524775505066	-0.2392447590827942	-0.9146414995193481	-0.3258727192878723
0.5555703043937683	1.4619395732879639	-0.6913415789604187	0.28035980463027954	0.3882058262825012	1.0	4	0.0	0	0.0	0	0.5527620911598206	0.4629768431186676	-0.6928972601890564	-0.7897211909294128	0.025547340512275696	-0.6129336953163147	-0.26607242226600647	0.8860021829605103	0.3797442317008972
-0.8314695358276367	1.308658242225647	-0.4619397819042206	0.5744863152503967	0.2838057279586792	1.0	4	0.0	0	0.0	0	-0.8286449313163757	0.3109939396381378	-0.465435653924942	0.5254507064819336	0.14546555280685425	-0.83829665184021	-0.19300034642219543	-0.9392138719558716	-0.2839513123035431
0.38268354535102844	1.513279914855957	-0.7681776285171509	0.3128395080566406	0.3981664776802063	1.0	4	0.0	0	0.0	0	0.38053834438323975	0.5137739181518555	-0.7689127922058105	-0.8757129311561584	-0.06699831783771515	-0.4781613051891327	-0.2971826493740082	0.855305552482605	0.4244230091571808
-0.9238795042037964	1.212607502937317	-0.31818971037864685	0.5401425361633301	0.2947913110256195	1.0	4	0.0	0	0.0	0	-0.9217062592506409	0.21549910306930542	-0.3225177228450775	0.36295220255851746	0.1858399212360382	-0.9130877256393433	-0.13683290779590607	-0.9586572051048279	-0.24950569868087769
0.1950904130935669	1.5448949337005615	-0.815493106842041	0.3452658951282501	0.40798404812812805	1.0	4	0.0	0	0.0	0	0.1939305067062378	0.5450232625007629	-0.8156841993331909	-0.9379779100418091	-0.14055824279785156	-0.31692415475845337	-0.2873821556568146	0.8265548944473267	0.48396119475364685
-0.9807852506637573	1.1083863973617554	-0.16221173107624054	0.5040016770362854	0.307300329208374	1.0	4	0.0	0	0.0	0	-0.9795982837677002	0.11165072023868561	-0.1670965850353241	0.18546117842197418	0.18200208246707916	-0.9656497836112976	-0.07740356028079987	-0.9769387245178223	-0.19899576902389526
8.70589431656299e-08	1.5555700063705444	-0.8314695358276367	0.37785884737968445	0.4177747070789337	1.0	4	0.0	0	0.0	0	-3.6137199899144434e-09	0.5555678606033325	-0.8314712047576904	-0.9679901003837585	-0.2086896002292633	-0.13944107294082642	-0.2509883642196655	0.8048558831214905	0.537784218788147
0.9807852506637573	1.1083862781524658	-0.1622115820646286	0.14362314343452454	0.3443129062652588	1.0	4	0.0	0	0.0	0	0.9795984029769897	0.11165085434913635	-0.16709646582603455	-0.1854780614376068	0.18221671879291534	-0.9656060934066772	-0.07736295461654663	0.976898729801178	0.19920796155929565
8.429368847373553e-08	1.707106590270996	-0.7071067690849304	0.7249647378921509	0.19903257489204407	0.5	4	0.5	3	0.0	0	1.0696478511817986e-06	0.7071055173873901	-0.7071080803871155	0.9326261281967163	-0.25515666604042053	-0.2551543414592743	-0.36084434390068054	-0.6594671010971069	-0.6594653129577637
-0.19509023427963257	1.5448949337005615	-0.815493106842041	0.7058346271514893	0.2436600625514984	1.0	4	0.0	0	0.0	0	-0.193930521607399	0.5450232625007629	-0.8156841993331909	0.9380661845207214	-0.1403040587902069	-0.3167753219604492	-0.28709372878074646	-0.8265981674194336	-0.4840586483478546
0.9238795042037964	1.212607502937317	-0.3181895911693573	0.17949891090393066	0.35676875710487366	1.0	4	0.0	0	0.0	0	0.9217065572738647	0.21549925208091736	-0.3225170373916626	-0.3635438084602356	0.19001154601573944	-0.9119932055473328	-0.13525187969207764	0.9578390717506409	0.2534782886505127
0.38268354535102844	1.3535534143447876	-0.853553295135498	0.3201145827770233	0.36971351504325867	1.0	4	0.0	0	0.0	0	0.3805384933948517	0.35389459133148193	-0.8543705940246582	-0.9058641195297241	-0.04318380355834961	-0.4213612675666809	-0.18601244688034058	0.9342878460884094	0.304147332906723
0.1950904130935669	1.3753302097320557	-0.9061273336410522	0.35344091057777405	0.37566256523132324	1.0	4	0.0	0	0.0	0	0.19393034279346466	0.3754187226295471	-0.9063397645950317	-0.9653030037879944	-0.09166461229324341	-0.244515523314476	-0.17487499117851257	0.9223114848136902	0.34461626410484314
-0.9807852506637573	1.074657917022705	-0.1802399903535843	0.5060349106788635	0.3145427107810974	1.0	4	0.0	0	0.0	0	-0.9795982837677002	0.07690607011318207	-0.18566809594631195	0.1949278861284256	0.13885337114334106	-0.9709390997886658	-0.04889047518372536	-0.9873222708702087	-0.15101167559623718
8.647856475363369e-08	1.382683277130127	-0.9238793849945068	0.38693758845329285	0.38154417276382446	1.0	4	0.0	0	0.0	0	6.022866649857406e-09	0.3826809823513031	-0.9238805174827576	-0.9900899529457092	-0.1297444850206375	-0.053741537034511566	-0.14043428003787994	0.9147249460220337	0.37888863682746887
0.9807852506637573	1.0746577978134155	-0.18023984134197235	0.1456378698348999	0.3370538353919983	1.0	4	0.0	0	0.0	0	0.9795984029769897	0.07690614461898804	-0.18566755950450897	-0.19495263695716858	0.139362171292305	-0.9708613157272339	-0.04879017174243927	0.987250566482544	0.151512011885643
8.70589431656299e-08	1.5555700063705444	-0.8314695358276367	0.7384213209152222	0.2338659018278122	1.0	4	0.0	0	0.0	0	-3.6137199899144434e-09	0.5555678606033325	-0.8314712047576904	0.967978298664093	-0.20872758328914642	-0.13946644961833954	-0.2510340213775635	-0.8048459887504578	-0.5377776026725769
-0.19509023427963257	1.3753302097320557	-0.9061273336410522	0.714020311832428	0.27597925066947937	1.0	4	0.0	0	0.0	0	-0.19393035769462585	0.37541884183883667	-0.9063398241996765	0.9653820991516113	-0.0912465751171112	-0.2443593293428421	-0.1744374930858612	-0.9223529100418091	-0.34472712874412537
0.9238795042037964	1.1464465856552124	-0.35355329513549805	0.18286526203155518	0.3446054756641388	1.0	4	0.0	0	0.0	0	0.9217079281806946	0.14843697845935822	-0.35835886001586914	-0.3785773515701294	0.14308366179466248	-0.9144431352615356	-0.08446187525987625	0.9785160422325134	0.1880762279033661
-0.3826833665370941	1.3535534143447876	-0.853553295135498	0.6806895732879639	0.28191229701042175	1.0	4	0.0	0	0.0	0	-0.38053810596466064	0.35389450192451477	-0.8543708920478821	0.9059767723083496	-0.042618345469236374	-0.42117664217948914	-0.18546395003795624	-0.9343138337135315	-0.30440229177474976
0.8314696550369263	1.2126073837280273	-0.5132798552513123	0.21828725934028625	0.35126709938049316	1.0	4	0.0	0	0.0	0	0.8286458253860474	0.21421541273593903	-0.5171633362770081	-0.5469691753387451	0.11338184028863907	-0.8294391632080078	-0.11904171109199524	0.9701836109161377	0.21112258732318878
-0.5555701851844788	1.3181895017623901	-0.7681776881217957	0.6472133994102478	0.28796976804733276	1.0	4	0.0	0	0.0	0	-0.5527617931365967	0.3189035952091217	-0.7699058055877686	0.8179453015327454	0.030865326523780823	-0.5744674205780029	-0.15943633019924164	-0.947284460067749	-0.2779068648815155
0.7071068286895752	1.27059805393219	-0.6532813906669617	0.25283077359199524	0.35755500197410583	1.0	4	0.0	0	0.0	0	0.7040591239929199	0.2717600464820862	-0.6560847759246826	-0.6951606273651123	0.0749831572175026	-0.7149330377578735	-0.14509493112564087	0.9594394564628601	0.24170947074890137
-0.7071067094802856	1.27059805393219	-0.6532815098762512	0.6133607029914856	0.2940312922000885	1.0	4	0.0	0	0.0	0	-0.7040585279464722	0.27176061272621155	-0.6560851335525513	0.6949727535247803	0.07374155521392822	-0.7152447700500488	-0.1459946185350418	-0.9595354795455933	-0.24078460037708282
0.5555703043937683	1.3181895017623901	-0.7681775689125061	0.28667905926704407	0.36363181471824646	1.0	4	0.0	0	0.0	0	0.552761971950531	0.3189032971858978	-0.7699057459831238	-0.8178547620773315	0.03032885119318962	-0.5746249556541443	-0.15989942848682404	0.9473019242286682	0.27758121490478516
-0.8314695358276367	1.212607502937317	-0.5132799744606018	0.5789321660995483	0.3003241717815399	1.0	4	0.0	0	0.0	0	-0.8286451101303101	0.21421556174755096	-0.5171644687652588	0.547889232635498	0.12100594490766525	-0.8277530074119568	-0.11473758518695831	-0.9692622423171997	-0.21763736009597778
-0.9238795042037964	1.1464465856552124	-0.3535534143447876	0.543304443359375	0.30699652433395386	1.0	4	0.0	0	0.0	0	-0.9217078685760498	0.14843697845935822	-0.35835888981819153	0.37819546461105347	0.13870124518871307	-0.9152761101722717	-0.0861559808254242	-0.9791467785835266	-0.18398019671440125
-0.3826833963394165	1.1802400350570679	-0.9061273336410522	0.6844772100448608	0.31105709075927734	1.0	4	0.0	0	0.0	0	-0.3805387020111084	0.18041448295116425	-0.9069956541061401	0.9223687648773193	0.0034861911553889513	-0.38629505038261414	-0.06653125584125519	-0.9835845828056335	-0.167735293507576
-0.5555701851844788	1.1622116565704346	-0.8154930472373962	0.6503464579582214	0.3131093978881836	1.0	4	0.0	0	0.0	0	-0.5527632236480713	0.1625760793685913	-0.8173260688781738	0.8314739465713501	0.04202737286686897	-0.5539717674255371	-0.05571248009800911	-0.9858005046844482	-0.15840893983840942
0.7071068286895752	1.1379497051239014	-0.6935198307037354	0.25556936860084534	0.3364728093147278	1.0	4	0.0	0	0.0	0	0.7040591835975647	0.13854242861270905	-0.6964960098266602	-0.708487331867218	0.07013381272554398	-0.7022299766540527	-0.04844072461128235	0.9878700971603394	0.14753390848636627
-0.7071067094802856	1.1379497051239014	-0.6935199499130249	0.6161274909973145	0.315121054649353	1.0	4	0.0	0	0.0	0	-0.7040584087371826	0.13854163885116577	-0.6964969038963318	0.7084632515907288	0.06962726265192032	-0.7023046612739563	-0.048803262412548065	-0.9879059791564941	-0.14717331528663635
0.5555703043937683	1.162211537361145	-0.8154929280281067	0.28986260294914246	0.3384813070297241	1.0	4	0.0	0	0.0	0	0.5527616143226624	0.16257475316524506	-0.8173274397850037	-0.8318360447883606	0.04875447228550911	-0.5528760552406311	-0.05003531649708748	0.9854909777641296	0.16218511760234833
-0.8314695358276367	1.1083863973617554	-0.5448951125144958	0.581122636795044	0.3172397315502167	1.0	4	0.0	0	0.0	0	-0.8286436796188354	0.10920586436986923	-0.5490206480026245	0.5585537552833557	0.09651872515678406	-0.8238336443901062	-0.03697669878602028	-0.9893221855163574	-0.14097698032855988
0.38268351554870605	1.1802399158477783	-0.9061273336410522	0.323840469121933	0.34056776762008667	1.0	4	0.0	0	0.0	0	0.3805385231971741	0.18041487038135529	-0.9069955348968506	-0.9219831824302673	-0.0020007214043289423	-0.3872247040271759	-0.07167574018239975	0.9835885763168335	0.16557812690734863
-0.9238795042037964	1.0746577978134155	-0.3753302991390228	0.5448195338249207	0.3194769322872162	1.0	4	0.0	0	0.0	0	-0.9217065572738647	0.07567314058542252	-0.38043472170829773	0.3866831660270691	0.10201703757047653	-0.9165526032447815	-0.030547592788934708	-0.9919002652168274	-0.12329129874706268
0.1950904130935669	1.1913416385650635	-0.9619396328926086	0.357574999332428	0.3425806760787964	1.0	4	0.0	0	0.0	0	0.19393040239810944	0.1913871020078659	-0.9621652364730835	-0.9791328310966492	-0.022970112040638924	-0.20191937685012817	-0.060745805501937866	0.9812458753585815	0.18293878436088562
-0.9807852506637573	1.0380603075027466	-0.19134174287319183	0.5070933699607849	0.32198604941368103	1.0	4	0.0	0	0.0	0	-0.9795981049537659	0.03920646756887436	-0.1971050202846527	0.20031288266181946	0.11144682765007019	-0.973372757434845	-0.01619577966630459	-0.9929967522621155	-0.1170266643166542
8.257487138507713e-08	1.1950901746749878	-0.980785071849823	0.3914538621902466	0.3444787859916687	1.0	4	0.0	0	0.0	0	0.0	0.19508802890777588	-0.9807857275009155	-0.999527096748352	-0.030160974711179733	-0.005999323911964893	-0.030751850455999374	0.9803218841552734	0.19499577581882477
0.9807852506637573	1.038060188293457	-0.1913415938615799	0.14668551087379456	0.32959678769111633	1.0	4	0.0	0	0.0	0	0.9795982837677002	0.03920656070113182	-0.19710417091846466	-0.2000959813594818	0.0991378128528595	-0.9747477769851685	-0.01867603324353695	0.9943010807037354	0.10496032238006592
8.647856475363369e-08	1.382683277130127	-0.9238793849945068	0.7475169897079468	0.27011042833328247	1.0	4	0.0	0	0.0	0	6.022866649857406e-09	0.3826809823513031	-0.9238805174827576	0.9901617169380188	-0.1292763501405716	-0.05354761704802513	-0.13992756605148315	-0.9147912263870239	-0.3789161145687103
-0.19509023427963257	1.1913416385650635	-0.9619396328926086	0.7181600332260132	0.3090778589248657	1.0	4	0.0	0	0.0	0	-0.19393037259578705	0.1913871169090271	-0.962165355682373	0.9791837930679321	-0.022140394896268845	-0.2017645686864853	-0.059917859733104706	-0.9812649488449097	-0.18310944736003876
0.9238795042037964	1.0746577978134155	-0.3753301799297333	0.18439456820487976	0.3321176767349243	1.0	4	0.0	0	0.0	0	0.9217073321342468	0.07567208260297775	-0.3804331421852112	-0.386867880821228	0.1083223819732666	-0.9157508611679077	-0.028087347745895386	0.9912316203117371	0.12911662459373474
0.8314696550369263	1.1083862781524658	-0.5448949933052063	0.22060011327266693	0.3343670666217804	1.0	4	0.0	0	0.0	0	0.8286445736885071	0.10920487344264984	-0.5490195155143738	-0.558472752571106	0.09441737085580826	-0.824131965637207	-0.03816225379705429	0.9895249605178833	0.13922639191150665
-0.9807852506637573	1.0	-0.19509033858776093	0.5069922804832458	0.32950252294540405	0.5	8	0.5	4	0.0	0	-0.9795982837677002	4.9220969522423275e-09	-0.20096608996391296	0.2002875655889511	0.08210400491952896	-0.9762908816337585	0.016500113531947136	-0.9966237545013428	-0.08042893558740616
0.1950903981924057	1.0	-0.9807851314544678	0.35763078927993774	0.30918487906455994	0.5	8	0.5	4	0.0	0	0.1939278095960617	-1.4450541208077539e-08	-0.9810158610343933	-0.979423463344574	0.05695316568017006	-0.19361302256584167	0.05587196350097656	0.9983769059181213	0.011044788174331188
7.549787284233389e-08	1.0	-0.9999997019767761	0.39107540249824524	0.3072037398815155	0.5	8	0.5	4	0.0	0	-1.6864442287101156e-08	-1.0841427666719028e-07	-1.0	-0.9985817074775696	0.05324164032936096	7.486641528942073e-09	0.05324164032936096	0.9985817074775696	-1.0915840675806976e-07
0.9807852506637573	1.0	-0.195090189576149	0.14676052331924438	0.32207435369491577	0.5	8	0.5	4	0.0	0	0.9795981645584106	-7.755978970180877e-09	-0.20096619427204132	-0.20031104981899261	0.0806814432144165	-0.9764046669006348	0.016214249655604362	0.99673992395401	0.07903539389371872
8.257487138507713e-08	1.1950901746749878	-0.980785071849823	0.752029538154602	0.30720725655555725	1.0	4	0.0	0	0.0	0	0.0	0.19508802890777588	-0.9807857275009155	0.9995514154434204	-0.02937455289065838	-0.005842889659106731	-0.029950018972158432	-0.9803457856178284	-0.1950005292892456
-0.19509024918079376	1.0	-0.9807851314544678	0.7181382179260254	0.3424672484397888	0.5	8	0.5	4	0.0	0	-0.19392770528793335	-3.612634813521254e-08	-0.9810158610343933	0.9793757200241089	0.05780027434229851	-0.193603515625	0.05670299381017685	-0.9983282089233398	-0.011209039017558098
