2000	3490	9
0.38268348574638367	0.9238790273666382	-3.071284737643509e-08	0.5816767811775208	0.5254461765289307	0.5	3	0.5	2	0.0	0	0.38053613901138306	0.9247660636901855	4.499863166529394e-07	-0.5155210494995117	0.2121344655752182	-0.8302029967308044	-0.7677436470985413	0.31592199206352234	0.5574612021446228
0.1950903832912445	0.9619396924972534	-0.19134169816970825	0.6283164024353027	0.5319792628288269	1.0	3	0.0	0	0.0	0	0.19393256306648254	0.9621651768684387	-0.1913852095603943	-0.6453157067298889	-0.02182038687169552	-0.7636042237281799	-0.7388895750045776	0.2715916335582733	0.6166686415672302
0.1950903683900833	0.9807852506637573	1.4728913200201532e-08	0.601982057094574	0.5523665547370911	0.5	3	0.5	2	0.0	0	0.19392898678779602	0.9810156226158142	1.7220237396031735e-06	-0.5741226077079773	0.11349505931138992	-0.8108651041984558	-0.7954713702201843	0.15724925696849823	0.5852331519126892
-0.9238795042037964	0.38268327713012695	-1.3680619304068387e-07	0.1235492154955864	0.24123632907867432	0.5	3	0.5	2	0.0	0	-0.9217070937156677	0.3878866136074066	1.0966446097881999e-06	0.1866668313741684	0.4435654580593109	-0.8765872716903687	-0.3400169312953949	-0.8079565167427063	-0.4812430143356323
-0.9807852506637573	0.19134175777435303	-0.03806030750274658	0.11231780797243118	0.28029945492744446	1.0	3	0.0	0	0.0	0	-0.9795982241630554	0.1971042901277542	-0.03920731320977211	0.10731343179941177	0.34809166193008423	-0.931298017501831	-0.1699150949716568	-0.9165053963661194	-0.3621419072151184
-0.9807852506637573	0.1950901746749878	-8.894838998685373e-08	0.10616036504507065	0.27597135305404663	0.5	3	0.5	2	0.0	0	-0.9795982241630554	0.20096582174301147	9.196833161695395e-07	0.08877488225698471	0.4327329993247986	-0.897140622138977	-0.18029499053955078	-0.8788372874259949	-0.44174519181251526
5.760039556435004e-08	0.9807852506637573	-0.19509032368659973	0.6517122983932495	0.5573551058769226	1.0	3	0.0	0	0.0	0	1.3021276572544593e-06	0.9807850122451782	-0.1950916349887848	-0.6784228682518005	-0.14332742989063263	-0.7205551266670227	-0.7346716523170471	0.13235555589199066	0.6653867959976196
4.371138828673793e-08	1.0	3.3001180777756647e-15	0.6219720244407654	0.5794430375099182	0.5	3	0.5	2	0.0	0	-1.313001803282532e-06	1.0	1.652695914344804e-06	-0.6070497632026672	5.095813548905426e-07	-0.7946638464927673	-0.7946638464927673	-2.0466636669880245e-06	0.6070497632026672
0.9807852506637573	0.19509005546569824	5.9146067599158414e-08	0.48501327633857727	0.3757370710372925	0.5	3	0.5	2	0.0	0	0.9795982837677002	0.2009657919406891	-4.27176956918629e-07	-0.08881493657827377	0.4329223930835724	-0.8970453143119812	-0.18027521669864655	0.8787440061569214	0.44193872809410095
1.0	0.0	7.549790126404332e-08	0.47160083055496216	0.3258524239063263	0.3333333333333333	8	0.3333333333333333	7	0.3333333333333333	6	0.995799720287323	-1.8318276033824077e-06	0.09155823290348053	-0.00656605139374733	-1.3162380128051154e-05	-0.9999784231185913	3.0516303013428114e-06	1.0	-1.318270278716227e-05
0.9807852506637573	0.19134163856506348	-0.038060158491134644	0.4911523461341858	0.37139657139778137	1.0	3	0.0	0	0.0	0	0.9795982241630554	0.1971045732498169	-0.03920622169971466	-0.10903170704841614	0.35737669467926025	-0.9275742173194885	-0.16881774365901947	0.9129247665405273	0.3715762495994568
-1.0	0.0	-7.549790126404332e-08	0.09266349673271179	0.32588520646095276	0.3333333333333333	8	0.3333333333333333	7	0.3333333333333333	6	-0.9957989454269409	1.0380359526607208e-05	0.09156695753335953	0.006565963849425316	0.0001975188497453928	-0.9999784827232361	-2.860431413864717e-05	-1.0	-0.00019771090592257679
4.371138828673793e-08	1.0	3.3001180777756647e-15	0.24349816143512726	0.07203394174575806	0.5	3	0.5	2	0.0	0	-1.313001803282532e-06	1.0	1.652695914344804e-06	0.6056171655654907	2.107977024934371e-06	-0.7957562208175659	-0.7957562208175659	-4.392825658783295e-08	-0.6056171655654907
-0.19509026408195496	0.9619396924972534	-0.19134172797203064	0.24960863590240479	0.11962231248617172	1.0	3	0.0	0	0.0	0	-0.19392941892147064	0.962165892124176	-0.19138501584529877	0.6546498537063599	-0.018370548263192177	-0.7557089328765869	-0.7306332588195801	-0.27184435725212097	-0.626319169998169
-0.19509027898311615	0.9807852506637573	-1.4728906982952594e-08	0.2231282889842987	0.09934256225824356	0.5	3	0.5	2	0.0	0	-0.19393111765384674	0.981015145778656	2.6926363716484047e-06	0.5635899305343628	0.11141501367092133	-0.81850665807724	-0.8029677271842957	-0.15873238444328308	-0.5744971036911011
0.9238795042037964	0.3826831579208374	2.6957351906276017e-09	0.5025041103363037	0.41055169701576233	0.5	3	0.5	2	0.0	0	0.9217072129249573	0.38788631558418274	7.093825615811511e-07	-0.18642933666706085	0.44300076365470886	-0.8769233822822571	-0.34014686942100525	0.8082664012908936	0.4806303381919861
0.9238795042037964	0.37533020973205566	-0.07465777546167374	0.513175904750824	0.4030519127845764	1.0	3	0.0	0	0.0	0	0.9217073321342468	0.3804332911968231	-0.0756719633936882	-0.224846750497818	0.3650543987751007	-0.9034263491630554	-0.3160690665245056	0.8497092723846436	0.4220125079154968
-0.3826834261417389	0.9061274528503418	-0.1802399754524231	0.22638241946697235	0.14433155953884125	1.0	3	0.0	0	0.0	0	-0.3805365562438965	0.9069967865943909	-0.1804126501083374	0.600549042224884	0.09402000159025192	-0.7940410375595093	-0.7032302618026733	-0.41050827503204346	-0.5804740786552429
-0.3826834261417389	0.9238790273666382	-8.849644217434616e-08	0.2026941478252411	0.12645456194877625	0.5	3	0.5	2	0.0	0	-0.3805382549762726	0.9247651100158691	2.529114226490492e-06	0.5084899663925171	0.2092444747686386	-0.8352572917938232	-0.7724173069000244	-0.3178460896015167	-0.5498592853546143
0.8314695954322815	0.555570125579834	6.277421249478721e-08	0.5214629173278809	0.4414023756980896	0.5	3	0.5	2	0.0	0	0.8286446332931519	0.5597749948501587	3.1169402063824236e-06	-0.27873629331588745	0.41262301802635193	-0.8672072887420654	-0.48544222116470337	0.7186057567596436	0.49794745445251465
0.8314695954322815	0.5448950529098511	-0.1083863228559494	0.5359371304512024	0.43107786774635315	1.0	3	0.0	0	0.0	0	0.8286439180374146	0.5490203499794006	-0.10920602083206177	-0.3312388062477112	0.3236481249332428	-0.8863028287887573	-0.4512539505958557	0.7706027030944824	0.4500458836555481
-0.5555701851844788	0.815493106842041	-0.16221171617507935	0.2031954824924469	0.1691773682832718	1.0	3	0.0	0	0.0	0	-0.5527616739273071	0.8173273205757141	-0.16257478296756744	0.519136369228363	0.18512283265590668	-0.8344020843505859	-0.6518833637237549	-0.5456240177154541	-0.5266331434249878
-0.5555701851844788	0.8314695358276367	-4.194438218974028e-08	0.18234500288963318	0.15373952686786652	0.5	3	0.5	2	0.0	0	-0.5527615547180176	0.833339512348175	2.692802809178829e-06	0.44031888246536255	0.2920701503753662	-0.8490078449249268	-0.7075125575065613	-0.46929770708084106	-0.528380274772644
0.7071068286895752	0.7071065902709961	-3.602188414220109e-08	0.5411377549171448	0.47025617957115173	0.5	3	0.5	2	0.0	0	0.7040591239929199	0.7101414203643799	2.461628355376888e-06	-0.3630305826663971	0.3599242568016052	-0.8594552278518677	-0.610335648059845	0.6051064133644104	0.5112110376358032
0.7071068286895752	0.6935198307037354	-0.1379496306180954	0.5589760541915894	0.45733192563056946	1.0	3	0.0	0	0.0	0	0.7040600180625916	0.6964956521987915	-0.13853999972343445	-0.4303615987300873	0.26329609751701355	-0.8634026646614075	-0.5648791193962097	0.6675094962120056	0.4851211905479431
-0.7071067094802856	0.6935199499130249	-0.13794974982738495	0.18006177246570587	0.19442781805992126	1.0	3	0.0	0	0.0	0	-0.7040584683418274	0.696496844291687	-0.13854166865348816	0.4319189786911011	0.26513364911079407	-0.8620615601539612	-0.5636910796165466	-0.6667805314064026	-0.48749980330467224
-0.7071067094802856	0.7071065902709961	-1.427920324204024e-07	0.16219088435173035	0.18154294788837433	0.5	3	0.5	2	0.0	0	-0.7040587663650513	0.7101417779922485	2.183335709560197e-06	0.3638666570186615	0.3607524335384369	-0.8587542772293091	-0.6098380088806152	-0.6046126484870911	-0.5123878121376038
0.5555703043937683	0.8314695358276367	4.194439284788132e-08	0.5613059997558594	0.49808135628700256	0.5	3	0.5	2	0.0	0	0.5527613759040833	0.8333395719528198	2.6663674361770973e-06	-0.43873515725135803	0.29101958870887756	-0.8501876592636108	-0.7084957957267761	0.46994975209236145	0.5264797210693359
0.5555703043937683	0.815493106842041	-0.16221162676811218	0.5821563005447388	0.48266857862472534	1.0	3	0.0	0	0.0	0	0.5527601838111877	0.8173279762268066	-0.16257648169994354	-0.5237729549407959	0.18900702893733978	-0.8306251764297485	-0.6481651067733765	0.5442897081375122	0.5325698852539062
-0.8314695954322815	0.5448951721191406	-0.10838644206523895	0.15704655647277832	0.22066032886505127	1.0	3	0.0	0	0.0	0	-0.8286451101303101	0.5490188002586365	-0.1092054694890976	0.3313506841659546	0.3238418996334076	-0.8861902952194214	-0.45116978883743286	-0.7705224752426147	-0.4502677321434021
-0.8314695954322815	0.5555696487426758	-2.7884104270015087e-07	0.14257663488388062	0.21032626926898956	0.5	3	0.5	2	0.0	0	-0.8286451697349548	0.5597742199897766	2.427240588076529e-06	0.2783874571323395	0.412106454372406	-0.867564857006073	-0.48564139008522034	-0.7189027070999146	-0.4973241090774536
0.38268348574638367	0.9061274528503418	-0.18023991584777832	0.6052625775337219	0.5073056221008301	1.0	3	0.0	0	0.0	0	0.3805375099182129	0.9069963097572327	-0.18041332066059113	-0.6030409336090088	0.09547633677721024	-0.7919759750366211	-0.7010940909385681	0.4101731777191162	0.5832881927490234
-0.9238795042037964	0.3753303289413452	-0.07465790957212448	0.13419462740421295	0.24876856803894043	1.0	3	0.0	0	0.0	0	-0.9217079281806946	0.38043180108070374	-0.07567223161458969	0.22300739586353302	0.36011478304862976	-0.905861496925354	-0.317367821931839	-0.8518151640892029	-0.416759729385376
0.38268351554870605	0.853553295135498	-0.35355332493782043	0.6266918778419495	0.48684048652648926	1.0	3	0.0	0	0.0	0	0.38053998351097107	0.854371190071106	-0.3538915514945984	-0.6716528534889221	-0.007703027222305536	-0.7408259510993958	-0.6356663703918457	0.5196061730384827	0.5709095597267151
-0.8314695954322815	0.513279914855957	-0.21260759234428406	0.17007751762866974	0.23252332210540771	1.0	3	0.0	0	0.0	0	-0.8286445140838623	0.5171641707420349	-0.21421858668327332	0.38448747992515564	0.2477046549320221	-0.8892759680747986	-0.40683871507644653	-0.8192580342292786	-0.40410226583480835
-0.9238795042037964	0.3535534143447876	-0.14644668996334076	0.14387600123882294	0.25736507773399353	1.0	3	0.0	0	0.0	0	-0.9217072129249573	0.3583599925041199	-0.14843840897083282	0.2604222297668457	0.2881071865558624	-0.9215066432952881	-0.2874649167060852	-0.8880159854888916	-0.3588753640651703
0.1950903981924057	0.9061274528503418	-0.37533026933670044	0.6524266004562378	0.5089544653892517	1.0	3	0.0	0	0.0	0	0.1939300000667572	0.9063400626182556	-0.3754182755947113	-0.7379834651947021	-0.11735325306653976	-0.6645364165306091	-0.6463525295257568	0.40592604875564575	0.6461057066917419
-0.9807852506637573	0.18024003505706787	-0.07465790212154388	0.11793147772550583	0.28534698486328125	1.0	3	0.0	0	0.0	0	-0.9795982241630554	0.18566833436489105	-0.07690662890672684	0.1265469342470169	0.27260497212409973	-0.9537674784660339	-0.15611928701400757	-0.9440412521362305	-0.29053911566734314
6.92758490572487e-08	0.9238793849945068	-0.3826834261417389	0.6783042550086975	0.5311657786369324	1.0	3	0.0	0	0.0	0	-1.3298653129822924e-06	0.9238790273666382	-0.3826848864555359	-0.7790927886962891	-0.23990942537784576	-0.5791873931884766	-0.6269087195396423	0.29814618825912476	0.7197876572608948
0.9807852506637573	0.18023991584777832	-0.07465775310993195	0.4967305362224579	0.3663196265697479	1.0	3	0.0	0	0.0	0	0.9795984029769897	0.18566808104515076	-0.07690463960170746	-0.1264747679233551	0.27218079566955566	-0.9538982510566711	-0.15617647767066956	0.9441636204719543	0.29011017084121704
5.760039556435004e-08	0.9807852506637573	-0.19509032368659973	0.27283498644828796	0.09472592920064926	1.0	3	0.0	0	0.0	0	1.3021276572544593e-06	0.9807850122451782	-0.1950916349887848	0.699131965637207	-0.13948996365070343	-0.7012538909912109	-0.7149926424026489	-0.13639388978481293	-0.6856983304023743
-0.19509024918079376	0.9061274528503418	-0.37533026933670044	0.27358415722846985	0.1428920179605484	1.0	3	0.0	0	0.0	0	-0.19393132627010345	0.9063403606414795	-0.3754168748855591	0.7324519753456116	-0.12080412358045578	-0.6700153350830078	-0.6526138186454773	-0.40491175651550293	-0.6404229998588562
0.9238795042037964	0.3535534143447876	-0.14644654095172882	0.5227803587913513	0.39437517523765564	1.0	3	0.0	0	0.0	0	0.9217079281806946	0.3583586513996124	-0.14843721687793732	-0.25973647832870483	0.28599563241004944	-0.9223574995994568	-0.28808242082595825	0.8886987566947937	0.35668325424194336
-0.3826833963394165	0.853553295135498	-0.3535533845424652	0.24776023626327515	0.16482380032539368	1.0	3	0.0	0	0.0	0	-0.3805401921272278	0.8543705940246582	-0.3538926839828491	0.6755322813987732	-0.004522315226495266	-0.7373166084289551	-0.6315420269966125	-0.519644558429718	-0.5754340291023254
0.8314695954322815	0.513279914855957	-0.2126074731349945	0.5489463806152344	0.4192240238189697	1.0	3	0.0	0	0.0	0	0.828645646572113	0.5171630382537842	-0.2142171710729599	-0.38317400217056274	0.2450665831565857	-0.8905729651451111	-0.40807393193244934	0.8200517892837524	0.40123674273490906
-0.5555701851844788	0.7681776285171509	-0.3181896507740021	0.22195792198181152	0.18686258792877197	1.0	3	0.0	0	0.0	0	-0.5527617335319519	0.7699058651924133	-0.31890377402305603	0.5920222997665405	0.09347973763942719	-0.8004818558692932	-0.5864845514297485	-0.6312738060951233	-0.5074734091758728
0.7071067690849304	0.6532814502716064	-0.27059799432754517	0.5750051140785217	0.442495733499527	1.0	3	0.0	0	0.0	0	0.704058051109314	0.6560858488082886	-0.2717602849006653	-0.4977392256259918	0.18295811116695404	-0.8478100299835205	-0.5065154433250427	0.7321732640266418	0.45537278056144714
-0.7071067690849304	0.6532814502716064	-0.2705981135368347	0.1960238218307495	0.20934069156646729	1.0	3	0.0	0	0.0	0	-0.7040601372718811	0.656083881855011	-0.2717595100402832	0.49622562527656555	0.1807759702205658	-0.8491643667221069	-0.5079954862594604	-0.7327168583869934	-0.4528427720069885
0.5555703043937683	0.7681776285171509	-0.3181895911693573	0.6008840799331665	0.4648483395576477	1.0	3	0.0	0	0.0	0	0.5527619123458862	0.7699044942855835	-0.3189067840576172	-0.598556637763977	0.100544273853302	-0.7947458028793335	-0.5798140168190002	0.6301889419555664	0.5164084434509277
-0.3826833963394165	0.7681777477264404	-0.513279914855957	0.2664690911769867	0.18775416910648346	1.0	3	0.0	0	0.0	0	-0.3805377185344696	0.7689153552055359	-0.5137706995010376	0.7469810843467712	-0.07194270938634872	-0.6609413623809814	-0.5451700091362	-0.6352901458740234	-0.546988308429718
0.8314695954322815	0.4619396924972534	-0.3086582124233246	0.5602672696113586	0.4059295654296875	1.0	3	0.0	0	0.0	0	0.8286445140838623	0.4654350280761719	-0.31099599599838257	-0.4330390691757202	0.1809437870979309	-0.8830268979072571	-0.3547188341617584	0.8663887977600098	0.3514896333217621
-0.555570125579834	0.6913416385650635	-0.4619397222995758	0.2384410947561264	0.20657511055469513	1.0	3	0.0	0	0.0	0	-0.552760124206543	0.6928972005844116	-0.4629792273044586	0.6639481782913208	0.03043004684150219	-0.7471592426300049	-0.5036160349845886	-0.7203940153121948	-0.47686830163002014
0.7071067690849304	0.5879377126693726	-0.3928474187850952	0.5889231562614441	0.42583638429641724	1.0	3	0.0	0	0.0	0	0.7040593028068542	0.5904597640037537	-0.3945349454879761	-0.5573006272315979	0.11507567018270493	-0.8222977519035339	-0.44013237953186035	0.798820972442627	0.41008368134498596
-0.7071067690849304	0.5879378318786621	-0.39284753799438477	0.21004121005535126	0.2258886992931366	1.0	3	0.0	0	0.0	0	-0.7040590047836304	0.5904614329338074	-0.3945329785346985	0.5551103949546814	0.11111381649971008	-0.8243216276168823	-0.44289207458496094	-0.7993804216384888	-0.4060019552707672
0.5555703639984131	0.6913416385650635	-0.46193966269493103	0.6172534227371216	0.4450320303440094	1.0	3	0.0	0	0.0	0	0.5527622699737549	0.6928949952125549	-0.46297985315322876	-0.6637926697731018	0.03020913153886795	-0.7473063468933105	-0.5038186311721802	0.7204053997993469	0.4766371548175812
-0.8314695954322815	0.4619396924972534	-0.30865833163261414	0.18139563500881195	0.2458195835351944	1.0	3	0.0	0	0.0	0	-0.8286445140838623	0.46543508768081665	-0.31099605560302734	0.4328583776950836	0.1805025190114975	-0.8832058906555176	-0.35493940114974976	-0.866480827331543	-0.3510398864746094
0.38268351554870605	0.7681777477264404	-0.513279914855957	0.6453105807304382	0.46393653750419617	1.0	3	0.0	0	0.0	0	0.3805384039878845	0.7689152956008911	-0.5137701630592346	-0.7412711977958679	-0.07854443788528442	-0.6665941476821899	-0.5529082417488098	0.6345077157020569	0.5400856733322144
-0.9238795042037964	0.3181896209716797	-0.21260760724544525	0.15232911705970764	0.2670486271381378	1.0	3	0.0	0	0.0	0	-0.9217065572738647	0.322517067193985	-0.21549895405769348	0.2948497533798218	0.22156484425067902	-0.9295012354850769	-0.2520330250263214	-0.9202671647071838	-0.2993118464946747
0.1950903981924057	0.815493106842041	-0.5448951125144958	0.6736587882041931	0.4830998480319977	1.0	3	0.0	0	0.0	0	0.19393222033977509	0.8156835436820984	-0.5450236201286316	-0.8091347813606262	-0.18114203214645386	-0.5590067505836487	-0.5546993017196655	0.5494069457054138	0.624868631362915
-0.9807852506637573	0.16221165657043457	-0.10838644206523895	0.12288616597652435	0.2910381257534027	1.0	3	0.0	0	0.0	0	-0.9795981645584106	0.16709712147712708	-0.11165105551481247	0.146748349070549	0.21518680453300476	-0.9654841423034668	-0.13730378448963165	-0.9621710777282715	-0.23531782627105713
7.828906944951086e-08	0.8314695358276367	-0.5555702447891235	0.7018709778785706	0.5020549893379211	1.0	3	0.0	0	0.0	0	1.0720569889599574e-06	0.8314688205718994	-0.555571436882019	-0.8379440903663635	-0.3032057583332062	-0.4537796676158905	-0.5457561016082764	0.46553829312324524	0.6967240571975708
0.9807852506637573	0.16221165657043457	-0.10838629305362701	0.5017507076263428	0.36069056391716003	1.0	3	0.0	0	0.0	0	0.9795981645584106	0.16709701716899872	-0.11165156215429306	-0.14454862475395203	0.19987116754055023	-0.9691013097763062	-0.13961800932884216	0.9654689431190491	0.21994706988334656
6.92758490572487e-08	0.9238793849945068	-0.3826834261417389	0.29946085810661316	0.12078242748975754	1.0	3	0.0	0	0.0	0	-1.3298653129822924e-06	0.9238790273666382	-0.3826848864555359	0.7818518877029419	-0.23858939111232758	-0.5760059952735901	-0.6234643459320068	-0.2992036044597626	-0.7223361134529114
-0.19509024918079376	0.815493106842041	-0.5448951125144958	0.29463672637939453	0.16887927055358887	1.0	3	0.0	0	0.0	0	-0.19393053650856018	0.8156847357749939	-0.5450224280357361	0.8096581697463989	-0.18062369525432587	-0.5584163665771484	-0.5539356470108032	-0.5495757460594177	-0.625397264957428
0.9238795042037964	0.3181896209716797	-0.2126074582338333	0.5312167406082153	0.38468050956726074	1.0	3	0.0	0	0.0	0	0.921707272529602	0.322515070438385	-0.21549874544143677	-0.29520273208618164	0.2228575348854065	-0.9290801882743835	-0.25161683559417725	0.9199557900428772	0.30061671137809753
-0.8314695954322815	0.3928474187850952	-0.3928475081920624	0.19090959429740906	0.26030656695365906	0.5	4	0.5	3	0.0	0	-0.8286439180374146	0.39582139253616333	-0.39582160115242004	0.475856214761734	0.12570036947727203	-0.8704942464828491	-0.2948053479194641	-0.9096839427947998	-0.2925149202346802
-0.9238795042037964	0.27059805393218994	-0.2705981135368347	0.15944376587867737	0.2776542007923126	0.5	4	0.5	3	0.0	0	-0.9217073321342468	0.2742774784564972	-0.2742762565612793	0.325936496257782	0.16430698335170746	-0.9310041069984436	-0.210287943482399	-0.9475099444389343	-0.24083998799324036
0.38268354535102844	0.6532814502716064	-0.6532813906669617	0.6612284183502197	0.4391085207462311	0.5	4	0.5	3	0.0	0	0.3805384635925293	0.6539091467857361	-0.6539062857627869	-0.8039143681526184	-0.11557219922542572	-0.5834077596664429	-0.45706906914711	0.7476937770843506	0.48170730471611023
0.1950904130935669	0.6935198307037354	-0.6935198903083801	0.6913813948631287	0.45463454723358154	0.5	4	0.5	3	0.0	0	0.1939304620027542	0.6936829090118408	-0.6936822533607483	-0.8706321120262146	-0.2041664719581604	-0.4475664496421814	-0.4520958662033081	0.6907387971878052	0.5643485188484192
-0.9807852506637573	0.13794970512390137	-0.13794974982738495	0.12708596885204315	0.29729142785072327	0.5	4	0.5	3	0.0	0	-0.9795981645584106	0.14210420846939087	-0.14210493862628937	0.16435785591602325	0.15959453582763672	-0.9734043478965759	-0.11564569920301437	-0.9769012928009033	-0.17969447374343872
8.429368847373553e-08	0.7071065902709961	-0.7071067690849304	0.7216551899909973	0.4701674282550812	0.5	4	0.5	3	0.0	0	-1.2045732189491787e-09	0.7071046233177185	-0.7071089148521423	-0.9088443517684937	-0.2949602007865906	-0.2949583828449249	-0.41713541746139526	0.6426519155502319	0.6426480412483215
0.9807852506637573	0.13794958591461182	-0.137949600815773	0.5060248374938965	0.3544897437095642	0.5	4	0.5	3	0.0	0	0.9795980453491211	0.1421043872833252	-0.14210565388202667	-0.16392165422439575	0.15591219067573547	-0.9740744829177856	-0.11626424640417099	0.9774956703186035	0.17602525651454926
7.828906944951086e-08	0.8314695358276367	-0.5555702447891235	0.3228832185268402	0.14989514648914337	1.0	3	0.0	0	0.0	0	1.0720569889599574e-06	0.8314688205718994	-0.555571436882019	0.8517836332321167	-0.2910611927509308	-0.43560078740119934	-0.5238937139511108	-0.4732261896133423	-0.7082318067550659
-0.19509023427963257	0.6935198307037354	-0.6935198903083801	0.3124469518661499	0.19722948968410492	0.5	4	0.5	3	0.0	0	-0.19393041729927063	0.693682849407196	-0.6936823129653931	0.870510995388031	-0.20435158908367157	-0.447717547416687	-0.45232903957366943	-0.6906841397285461	-0.5642285346984863
0.9238795042037964	0.2705979347229004	-0.27059799432754517	0.538314700126648	0.3740614056587219	0.5	4	0.5	3	0.0	0	0.9217066168785095	0.2742781639099121	-0.27427807450294495	-0.3269277513027191	0.16877886652946472	-0.9298558831214905	-0.20874682068824768	0.9467234015464783	0.24523374438285828
-0.3826833665370941	0.6532814502716064	-0.6532813906669617	0.2823232412338257	0.21267782151699066	0.5	4	0.5	3	0.0	0	-0.3805382549762726	0.6539091467857361	-0.6539062857627869	0.8054359555244446	-0.11307540535926819	-0.5817962884902954	-0.45438262820243835	-0.7480753660202026	-0.4836524426937103
0.8314695954322815	0.39284729957580566	-0.3928473889827728	0.5697776079177856	0.3914283215999603	0.5	4	0.5	3	0.0	0	0.8286435008049011	0.39582133293151855	-0.3958224952220917	-0.47525104880332947	0.123833067715168	-0.8710923194885254	-0.2957810163497925	0.9099400639533997	0.29072797298431396
-0.5555701851844788	0.587937593460083	-0.5879377722740173	0.2522065341472626	0.2282058596611023	0.5	4	0.5	3	0.0	0	-0.5527617931365967	0.5892585515975952	-0.5892611742019653	0.7231932282447815	-0.012141055427491665	-0.6905390024185181	-0.4140602946281433	-0.8078533411026001	-0.4194366931915283
0.7071068286895752	0.5	-0.4999999403953552	0.6006388068199158	0.40771666169166565	0.5	4	0.5	3	0.0	0	0.7040591239929199	0.502144455909729	-0.5021470785140991	-0.6089587211608887	0.06313417851924896	-0.7906854152679443	-0.3653356730937958	0.862476110458374	0.3502354323863983
-0.7071067094802856	0.5	-0.5000000596046448	0.22178508341312408	0.2439747005701065	0.5	4	0.5	3	0.0	0	-0.7040581703186035	0.5021472573280334	-0.5021455883979797	0.6074897050857544	0.05967836081981659	-0.7920826077461243	-0.3677749037742615	-0.8627204895019531	-0.34706634283065796
0.5555703043937683	0.587937593460083	-0.5879376530647278	0.6311038732528687	0.4235018789768219	0.5	4	0.5	3	0.0	0	0.5527620911598206	0.5892582535743713	-0.5892612338066101	-0.7214387059211731	-0.01555129885673523	-0.6923037171363831	-0.4171094596385956	0.8077951073646545	0.4165175259113312
0.9238795042037964	0.2126075029373169	-0.3181895911693573	0.5441293120384216	0.3627530038356781	1.0	4	0.0	0	0.0	0	0.9217079281806946	0.21549727022647858	-0.3225143253803253	-0.3513444662094116	0.11152917146682739	-0.9295796155929565	-0.16435211896896362	0.970114529132843	0.1785110980272293
0.8314696550369263	0.3086581230163574	-0.46193966269493103	0.5773190259933472	0.3759305477142334	1.0	4	0.0	0	0.0	0	0.8286455869674683	0.3109930157661438	-0.46543508768081665	-0.5101974010467529	0.0774942934513092	-0.8565589785575867	-0.23031529784202576	0.9472475647926331	0.22288313508033752
-0.3826833665370941	0.513279914855957	-0.7681776285171509	0.29493311047554016	0.23937413096427917	1.0	4	0.0	0	0.0	0	-0.38053804636001587	0.5137738585472107	-0.7689130306243896	0.8552133440971375	-0.12084042280912399	-0.5039917826652527	-0.3518535792827606	-0.8493727445602417	-0.3934018611907959
-0.5555701851844788	0.4619396924972534	-0.6913416981697083	0.26317837834358215	0.2512963116168976	1.0	4	0.0	0	0.0	0	-0.5527616143226624	0.4629773497581482	-0.6928972601890564	0.7705222964286804	-0.03275156393647194	-0.6365711092948914	-0.3174114227294922	-0.8857647776603699	-0.3386305272579193
0.7071068286895752	0.3928474187850952	-0.5879377126693726	0.6099817752838135	0.38839292526245117	1.0	4	0.0	0	0.0	0	0.704060435295105	0.3945322334766388	-0.5904602408409119	-0.6511971950531006	0.02702181413769722	-0.7584274411201477	-0.2832687199115753	0.9184846878051758	0.27594324946403503
-0.7071067094802856	0.39284753799438477	-0.5879378318786621	0.2311418652534485	0.263306587934494	1.0	4	0.0	0	0.0	0	-0.7040597796440125	0.3945342004299164	-0.5904596447944641	0.6505932807922363	0.025068124756217003	-0.7590124607086182	-0.2846546769142151	-0.9185392260551453	-0.2743307650089264
0.5555703043937683	0.46193957328796387	-0.6913415789604187	0.6421040892601013	0.40044665336608887	1.0	4	0.0	0	0.0	0	0.5527620911598206	0.4629768431186676	-0.6928972005844116	-0.7695537209510803	-0.035443611443042755	-0.6375976800918579	-0.3197517395019531	0.8856614232063293	0.3366936445236206
-0.8314695358276367	0.308658242225647	-0.4619397819042206	0.19844485819339752	0.2758031487464905	1.0	4	0.0	0	0.0	0	-0.8286449909210205	0.3109939694404602	-0.4654357135295868	0.5103115439414978	0.0779607743024826	-0.8564486503601074	-0.23006463050842285	-0.9472090601921082	-0.2233056277036667
0.38268354535102844	0.513279914855957	-0.7681776285171509	0.6738556623458862	0.4124147295951843	1.0	4	0.0	0	0.0	0	0.38053834438323975	0.5137739181518555	-0.7689127922058105	-0.8547238111495972	-0.12201947718858719	-0.5045378804206848	-0.35304075479507446	0.8492041826248169	0.39270177483558655
-0.9238795042037964	0.2126075029373169	-0.31818971037864685	0.16512347757816315	0.2890183925628662	1.0	4	0.0	0	0.0	0	-0.9217078685760498	0.21549712121486664	-0.32251453399658203	0.35144150257110596	0.11210136860609055	-0.9294741153717041	-0.16414467990398407	-0.9700486660003662	-0.17905935645103455
0.1950904130935669	0.5448949337005615	-0.815493106842041	0.7055601477622986	0.42425474524497986	1.0	4	0.0	0	0.0	0	0.1939304918050766	0.5450232625007629	-0.8156842589378357	-0.9184522032737732	-0.19130569696426392	-0.3461902439594269	-0.3447267711162567	0.8163038492202759	0.4634777903556824
-0.9807852506637573	0.10838639736175537	-0.16221173107624054	0.1304442435503006	0.304013729095459	1.0	4	0.0	0	0.0	0	-0.9795984029769897	0.11165044456720352	-0.16709648072719574	0.17817270755767822	0.09790126979351044	-0.9791168570518494	-0.09295987337827682	-0.988913357257843	-0.11579698324203491
8.70589431656299e-08	0.5555700063705444	-0.8314695358276367	0.7374470829963684	0.4360840320587158	1.0	4	0.0	0	0.0	0	-2.4091466599429623e-09	0.5555678606033325	-0.8314712047576904	-0.9514418244361877	-0.25595059990882874	-0.17101967334747314	-0.3078286051750183	0.7910965085029602	0.5285905003547668
0.9807852506637573	0.10838627815246582	-0.1622115820646286	0.5093275308609009	0.34773534536361694	1.0	4	0.0	0	0.0	0	0.9795984029769897	0.11165057867765427	-0.16709639132022858	-0.17825186252593994	0.09874475002288818	-0.9790177941322327	-0.09280800074338913	0.9888293743133545	0.11663211137056351
8.429368847373553e-08	0.7071065902709961	-0.7071067690849304	0.34270647168159485	0.18168562650680542	0.5	4	0.5	3	0.0	0	-1.2045732189491787e-09	0.7071046233177185	-0.7071089148521423	0.9083669781684875	-0.2956945598125458	-0.2956927418708801	-0.41817396879196167	-0.6423143744468689	-0.6423105001449585
-0.19509023427963257	0.5448949337005615	-0.815493106842041	0.32664990425109863	0.227572500705719	1.0	4	0.0	0	0.0	0	-0.1939304620027542	0.5450233221054077	-0.8156841397285461	0.9184578657150269	-0.19129230082035065	-0.3461827039718628	-0.3447117209434509	-0.8163067698478699	-0.4634835124015808
0.38268354535102844	0.3535534143447876	-0.853553295135498	0.6830775737762451	0.3843446969985962	1.0	4	0.0	0	0.0	0	0.38053828477859497	0.3538946211338043	-0.8543707132339478	-0.8920639157295227	-0.10303635895252228	-0.44000622630119324	-0.24374708533287048	0.929592490196228	0.2764873504638672
0.1950904130935669	0.37533020973205566	-0.9061273336410522	0.715878427028656	0.39235442876815796	1.0	4	0.0	0	0.0	0	0.19393038749694824	0.3754187226295471	-0.9063397645950317	-0.9530512690544128	-0.14691704511642456	-0.2647804617881775	-0.23256030678749084	0.9151372313499451	0.3293016254901886
-0.9238795042037964	0.1464465856552124	-0.3535534143447876	0.1692992001771927	0.3009564280509949	1.0	4	0.0	0	0.0	0	-0.92170649766922	0.14843815565109253	-0.3583619296550751	0.37103211879730225	0.06800241023302078	-0.9261267781257629	-0.11310307681560516	-0.9865808486938477	-0.11775358766317368
-0.9807852506637573	0.07465791702270508	-0.1802399903535843	0.13288506865501404	0.3111000061035156	1.0	4	0.0	0	0.0	0	-0.9795982837677002	0.07690653949975967	-0.18566836416721344	0.19070933759212494	0.06436372548341751	-0.9795342683792114	-0.06338227540254593	-0.9949586391448975	-0.0777173787355423
8.647856475363369e-08	0.38268327713012695	-0.9238793849945068	0.7489160299301147	0.4002780318260193	1.0	4	0.0	0	0.0	0	3.6137199899144434e-09	0.3826809823513031	-0.9238805174827576	-0.9804209470748901	-0.1819242388010025	-0.07535494118928909	-0.19691316783428192	0.9057918190956116	0.3751884400844574
0.9807852506637573	0.07465779781341553	-0.18023984134197235	0.5118533968925476	0.3406754434108734	1.0	4	0.0	0	0.0	0	0.9795982837677002	0.07690639793872833	-0.18566808104515076	-0.1898566335439682	0.05123789235949516	-0.9804738759994507	-0.06589148193597794	0.9957209229469299	0.06479375064373016
8.70589431656299e-08	0.5555700063705444	-0.8314695358276367	0.35852980613708496	0.21572577953338623	1.0	4	0.0	0	0.0	0	-2.4091466599429623e-09	0.5555678606033325	-0.8314712047576904	0.951196014881134	-0.2565814256668091	-0.17144116759300232	-0.30858728289604187	-0.7908921241760254	-0.5284539461135864
-0.19509023427963257	0.37533020973205566	-0.9061273336410522	0.3369923532009125	0.25945425033569336	1.0	4	0.0	0	0.0	0	-0.19393037259578705	0.37541884183883667	-0.9063397645950317	0.952998161315918	-0.14712612330913544	-0.26485562324523926	-0.23277805745601654	-0.9151036739349365	-0.32924124598503113
0.9238795042037964	0.1464465856552124	-0.35355329513549805	0.5480886697769165	0.35074475407600403	1.0	4	0.0	0	0.0	0	0.9217074513435364	0.14843697845935822	-0.3583601415157318	-0.37244322896003723	0.080587238073349	-0.9245494604110718	-0.10835807025432587	0.9856329560279846	0.12956221401691437
-0.3826833665370941	0.3535534143447876	-0.853553295135498	0.30413228273391724	0.2674277126789093	1.0	4	0.0	0	0.0	0	-0.3805381655693054	0.35389453172683716	-0.8543708324432373	0.8922972083091736	-0.10214553773403168	-0.439740926027298	-0.2428920567035675	-0.9296907782554626	-0.276908814907074
0.8314696550369263	0.21260738372802734	-0.5132798552513123	0.5829094052314758	0.3596946895122528	1.0	4	0.0	0	0.0	0	0.8286434412002563	0.21421660482883453	-0.5171666145324707	-0.5372791886329651	0.04507416486740112	-0.8421992063522339	-0.15710218250751495	0.975745677947998	0.152444526553154
-0.5555701851844788	0.31818950176239014	-0.7681776881217957	0.27117013931274414	0.2755107879638672	1.0	4	0.0	0	0.0	0	-0.5527617335319519	0.3189035952091217	-0.7699058055877686	0.8054101467132568	-0.03273825719952583	-0.5918130278587341	-0.2139367014169693	-0.9472216367721558	-0.23875175416469574
0.7071068286895752	0.27059805393218994	-0.6532813906669617	0.6167841553688049	0.3681153953075409	1.0	4	0.0	0	0.0	0	0.7040591835975647	0.2717600464820862	-0.6560847759246826	-0.6833616495132446	0.007952092215418816	-0.730036735534668	-0.19317758083343506	0.9623322486877441	0.1913091391324997
-0.7071067094802856	0.27059805393218994	-0.6532815098762512	0.23781369626522064	0.2836408019065857	1.0	4	0.0	0	0.0	0	-0.7040584087371826	0.2717606723308563	-0.6560853123664856	0.6831415295600891	0.00685442890971899	-0.7302538156509399	-0.1939571648836136	-0.9623404741287231	-0.1904769241809845
0.5555703043937683	0.31818950176239014	-0.7681775689125061	0.6501022577285767	0.37623074650764465	1.0	4	0.0	0	0.0	0	0.5527620315551758	0.3189033269882202	-0.769905686378479	-0.8053547143936157	-0.03298310562968254	-0.591874897480011	-0.21414479613304138	0.9472132325172424	0.2385985255241394
-0.8314695358276367	0.2126075029373169	-0.5132799744606018	0.20396839082241058	0.2920713722705841	1.0	4	0.0	0	0.0	0	-0.8286451101303101	0.21421563625335693	-0.5171645283699036	0.538276731967926	0.05135193467140198	-0.8412023186683655	-0.15364126861095428	-0.9754356145858765	-0.15785978734493256
-0.3826833963394165	0.18024003505706787	-0.9061273336410522	0.3098237216472626	0.2964138090610504	1.0	4	0.0	0	0.0	0	-0.38053813576698303	0.18041503429412842	-0.9069957137107849	0.9156888723373413	-0.06356452405452728	-0.39682936668395996	-0.12924672663211823	-0.981534481048584	-0.14101529121398926
-0.5555701851844788	0.16221165657043457	-0.8154930472373962	0.27594614028930664	0.3005163073539734	1.0	4	0.0	0	0.0	0	-0.5527616143226624	0.1625746488571167	-0.8173273205757141	0.8265683650970459	-0.017812000587582588	-0.5625544786453247	-0.10601532459259033	-0.9865354299545288	-0.1245332658290863
0.7071068286895752	0.13794970512390137	-0.6935198307037354	0.6209051012992859	0.34716859459877014	1.0	4	0.0	0	0.0	0	0.7040589451789856	0.13854242861270905	-0.6964961886405945	-0.7033907175064087	0.0011350555578246713	-0.7108024954795837	-0.09768573939800262	0.9903557896614075	0.09824860095977783
-0.7071067094802856	0.13794970512390137	-0.6935199499130249	0.24200735986232758	0.30458617210388184	1.0	4	0.0	0	0.0	0	-0.7040584683418274	0.13854165375232697	-0.696496844291687	0.7033692598342896	0.0009120443719439209	-0.7108240723609924	-0.09784351289272308	-0.9903562068939209	-0.0980880856513977
0.5555703043937683	0.16221153736114502	-0.8154929280281067	0.654891848564148	0.35124948620796204	1.0	4	0.0	0	0.0	0	0.5527619123458862	0.1625746786594391	-0.8173272013664246	-0.8266732096672058	-0.016829900443553925	-0.5624305009841919	-0.10519248992204666	0.9865526556968689	0.12509320676326752
-0.8314695358276367	0.10838639736175537	-0.5448951125144958	0.20737682282924652	0.3088449239730835	1.0	4	0.0	0	0.0	0	-0.8286437392234802	0.10920586436986923	-0.5490205883979797	0.554469883441925	0.02540002390742302	-0.8318161368370056	-0.07689405232667923	-0.993694543838501	-0.0815989300608635
0.38268351554870605	0.18023991584777832	-0.9061273336410522	0.6889002323150635	0.3553479313850403	1.0	4	0.0	0	0.0	0	0.3805384933948517	0.18041488528251648	-0.9069956541061401	-0.9156917333602905	-0.06354156136512756	-0.39682629704475403	-0.12922529876232147	0.9815360903739929	0.1410244107246399
-0.9238795042037964	0.07465779781341553	-0.3753302991390228	0.17169342935085297	0.31333452463150024	1.0	4	0.0	0	0.0	0	-0.9217072129249573	0.07567331194877625	-0.3804331421852112	0.383003294467926	0.022419843822717667	-0.9234747886657715	-0.06135314702987671	-0.9968805313110352	-0.04964765906333923
0.1950904130935669	0.19134163856506348	-0.9619396328926086	0.7220739126205444	0.35934433341026306	1.0	4	0.0	0	0.0	0	0.1939288228750229	0.1913856863975525	-0.9621658325195312	-0.975338339805603	-0.06774935871362686	-0.21005995571613312	-0.1053885892033577	0.9791738986968994	0.17352725565433502
-0.9807852506637573	0.03806030750274658	-0.19134174287319183	0.13434380292892456	0.3184334635734558	1.0	4	0.0	0	0.0	0	-0.9795981645584106	0.03920643404126167	-0.19710470736026764	0.1986280083656311	0.03970912843942642	-0.9792702198028564	-0.030566833913326263	-0.998441755771637	-0.046686481684446335
8.257487138507713e-08	0.1950901746749878	-0.980785071849823	0.75579833984375	0.3633597791194916	1.0	4	0.0	0	0.0	0	-1.1841106015708647e-06	0.19508910179138184	-0.980785608291626	-0.99422687292099	-0.10523690283298492	-0.020931577309966087	-0.1072983518242836	0.9751232862472534	0.1939629167318344
0.9807852506637573	0.03806018829345703	-0.1913415938615799	0.5132539868354797	0.3333187401294708	1.0	4	0.0	0	0.0	0	0.9795982837677002	0.039206575602293015	-0.19710424542427063	-0.1979120969772339	0.017880314961075783	-0.980056643486023	-0.03490038216114044	0.9990711212158203	0.025274980813264847
8.647856475363369e-08	0.38268327713012695	-0.9238793849945068	0.3700389862060547	0.2515052258968353	1.0	4	0.0	0	0.0	0	3.6137199899144434e-09	0.3826809823513031	-0.9238805174827576	0.9803932905197144	-0.18205155432224274	-0.07540766894817352	-0.19705097377300262	-0.9057662487030029	-0.37517786026000977
-0.19509023427963257	0.19134163856506348	-0.9619396328926086	0.34328481554985046	0.292400985956192	1.0	4	0.0	0	0.0	0	-0.19393031299114227	0.1913871020078659	-0.9621652960777283	0.9738686084747314	-0.08061306923627853	-0.21232415735721588	-0.11819919943809509	-0.9781986474990845	-0.17075257003307343
0.9238795042037964	0.07465779781341553	-0.3753301799297333	0.5506112575531006	0.3384115695953369	1.0	4	0.0	0	0.0	0	0.921707272529602	0.0756722241640091	-0.3804333806037903	-0.3840530514717102	0.04049098864197731	-0.9224227666854858	-0.054397664964199066	0.9963103532791138	0.0663829892873764
0.8314696550369263	0.10838627815246582	-0.5448949933052063	0.5863447785377502	0.34291836619377136	1.0	4	0.0	0	0.0	0	0.8286457061767578	0.10920552164316177	-0.5490178465843201	-0.5538973808288574	0.01822487637400627	-0.8323854207992554	-0.08089529722929001	0.9938521385192871	0.07559061795473099
-0.9807852506637573	0.0	-0.19509033858776093	0.13479314744472504	0.32589635252952576	0.5	8	0.5	4	0.0	0	-0.9795982837677002	-1.2230665369372673e-08	-0.2009657323360443	0.20096568763256073	-0.0002964305749628693	-0.9795982241630554	-5.956040695309639e-05	-0.9999999403953552	0.00029038533102720976
7.549787284233389e-08	0.0	-0.9999997019767761	0.7579485774040222	0.3258591890335083	0.5	8	0.5	4	0.0	0	2.5223762349924073e-06	-1.4695791605845443e-07	-1.0	-0.9999998211860657	0.0006578964530490339	-2.523640205254196e-06	0.0006578964530490339	0.9999998211860657	-1.45298429288232e-07
0.9807852506637573	0.0	-0.195090189576149	0.513817548751831	0.3258660137653351	0.5	8	0.5	4	0.0	0	0.9795982241630554	0.0	-0.20096608996391296	-0.20096607506275177	-0.0002883743727579713	-0.9795981645584106	-5.79534716962371e-05	1.0	-0.00028249103343114257
8.257487138507713e-08	0.1950901746749878	-0.980785071849823	0.37695878744125366	0.2884642779827118	1.0	4	0.0	0	0.0	0	-1.1841106015708647e-06	0.19508910179138184	-0.980785608291626	0.9962903261184692	-0.08440130203962326	-0.016789546236395836	-0.08605503290891647	-0.9771472215652466	-0.19436527788639069
-0.19509024918079376	0.0	-0.9807851314544678	0.3453723192214966	0.3259170353412628	0.5	8	0.5	4	0.0	0	-0.19392772018909454	-3.612634813521254e-08	-0.9810158610343933	0.9810158014297485	0.00035100604873150587	-0.19392770528793335	0.00034434947883710265	-0.9999998807907104	-6.803435098845512e-05
0.9238795042037964	0.0	-0.38268333673477173	0.5515061020851135	0.32587477564811707	0.5	8	0.5	4	0.0	0	0.9217064380645752	-1.19527632236327e-09	-0.3878881335258484	-0.3878881633281708	1.2511094610090367e-05	-0.9217065572738647	4.854006874666084e-06	1.0	1.1531093150551897e-05
